1403636579763555584.000000 0.000000000 0.000000000 0.000000000 -0.000000000 -0.000000000 -0.000000000 1.000000000
1403636580063555584.000000 -0.001330841 0.130639628 0.041433971 -0.020861190 0.005897541 -0.000677727 0.999764740
1403636580113555456.000000 -0.002147972 0.155742317 0.048212744 -0.023295835 0.005610816 0.001493338 0.999711812
1403636580463555584.000000 -0.007090321 0.291990489 0.076482855 -0.055608273 0.003178081 -0.002113907 0.998445392
1403636580563555584.000000 -0.008372867 0.297205925 0.076085955 -0.070807070 0.001925449 -0.001278262 0.997487366
1403636581113555456.000000 -0.018132186 -0.037926760 0.002815902 -0.013470210 0.019674236 -0.018478915 0.999544919
1403636582213555456.000000 -0.001858372 0.260651976 0.068407878 -0.059132569 0.018382614 -0.009947106 0.998031318
1403636583063555584.000000 -0.002566142 -0.161457062 -0.033996042 0.018053722 0.041334614 -0.005410836 0.998967588
1403636585913555456.000000 0.016668160 0.112794004 0.016556323 -0.073251128 0.016480405 -0.005444793 0.997162521
1403636586113555456.000000 0.015463827 0.112883978 0.003937211 -0.119285777 0.033366419 0.001629144 0.992297828
1403636586463555584.000000 0.005808817 0.109723300 -0.030197740 -0.186452508 0.044191767 0.016156666 0.981336594
1403636587663555584.000000 0.160034552 0.084691525 -0.002992116 -0.195662677 0.034318365 0.018327413 0.979899228
1403636588313555456.000000 0.346890837 0.088849358 0.016591206 -0.202874154 0.063239560 0.033349380 0.976591349
1403636589613555456.000000 -0.076100186 0.093109295 -0.036747597 -0.193393901 0.020433240 0.013842503 0.980810702
1403636589813555456.000000 -0.166811228 0.102410592 -0.042909805 -0.193825677 0.010137630 0.010584820 0.980926514
1403636590013555456.000000 -0.235698134 0.114096746 -0.048430558 -0.201675892 -0.007385352 0.009665065 0.979376793
1403636592163555584.000000 0.232187420 0.103248328 0.045106437 -0.149921238 0.098255225 0.039193090 0.983022630
1403636592613555456.000000 0.234931856 0.064293988 0.165531456 -0.158126846 0.068574831 0.036916975 0.984342694
1403636592913555456.000000 0.128760636 0.049622871 0.228169784 -0.156598076 -0.003311406 0.012687211 0.987575412
1403636593113555456.000000 0.010976003 0.058959447 0.207879111 -0.167149022 -0.059060972 -0.003022041 0.984156489
1403636593313555456.000000 -0.104436897 0.079918608 0.140701950 -0.170785904 -0.103366733 -0.003673143 0.979864299
1403636593563555584.000000 -0.164111719 0.122392960 0.030737150 -0.180718258 -0.102599584 -0.004007895 0.978160620
1403636593763555584.000000 -0.136028782 0.160644203 -0.046163782 -0.195878476 -0.065774150 0.015912097 0.978290498
1403636593863555584.000000 -0.098850854 0.174545750 -0.076767191 -0.194875687 -0.031641334 0.030285239 0.979849517
1403636593963555584.000000 -0.051594768 0.181301236 -0.102619626 -0.185182825 0.008047941 0.044980049 0.981641173
1403636594213555456.000000 0.088112026 0.180719614 -0.113585211 -0.172955483 0.098585360 0.072378948 0.977306843
1403636594563555584.000000 0.272192061 0.144150779 0.006810118 -0.156014308 0.141162366 0.063921094 0.975523889
1403636594763555584.000000 0.292599082 0.115713015 0.097082555 -0.143266082 0.129060447 0.063250452 0.979192376
1403636594963555584.000000 0.205699727 0.104601353 0.165300801 -0.135881037 0.079005331 0.039321050 0.986786902
1403636595163555584.000000 0.054254975 0.110403158 0.178606778 -0.140346959 -0.000450731 0.011113103 0.990039945
1403636595313555456.000000 -0.047397830 0.122984029 0.157270834 -0.148943886 -0.051923417 0.000626115 0.987481296
1403636595413555456.000000 -0.089559473 0.133233964 0.130314767 -0.152609617 -0.071266294 -0.004869716 0.985701621
1403636595913555456.000000 0.048307903 0.193435088 -0.009312660 -0.164968520 -0.012735107 -0.002149055 0.986214280
1403636596063555584.000000 0.120672189 0.212626070 -0.047721900 -0.169979334 0.034180641 0.009772757 0.984806180
1403636596163555584.000000 0.143060207 0.222961307 -0.079031564 -0.173484147 0.055604320 0.019738561 0.983067572
1403636596613555456.000000 0.014661820 0.233803630 -0.237558231 -0.157838538 0.063665912 0.020007135 0.985207319
1403636597513555456.000000 0.060712531 0.120663323 0.103388943 -0.165371940 0.001407242 -0.023400061 0.985952616
1403636597813555456.000000 0.008549473 0.109601416 0.149244085 -0.141040742 -0.062591538 -0.032835413 0.987477422
1403636598363555584.000000 -0.021653229 0.206718773 -0.022086274 -0.187270865 -0.063948512 -0.054304883 0.978719175
1403636598763555584.000000 0.021967268 0.236550912 0.071815118 -0.144861102 -0.080014907 -0.055280179 0.984660864
1403636598863555584.000000 0.029661790 0.245725989 0.108999513 -0.121254131 -0.089324199 -0.052058499 0.987222672
1403636599013555456.000000 0.040857900 0.266331196 0.158994466 -0.093615040 -0.092216328 -0.049974229 0.990068138
1403636599113555456.000000 0.045257363 0.277310282 0.183134407 -0.075326301 -0.098703392 -0.045418210 0.991221845
1403636599163555584.000000 0.046500944 0.280314177 0.191756099 -0.063184336 -0.103214294 -0.041999202 0.991761386
1403636599213555456.000000 0.047865782 0.282992333 0.201090172 -0.046708647 -0.104113951 -0.040766895 0.992631197
1403636599513555456.000000 0.050853476 0.298105836 0.242271706 -0.001360163 -0.092046209 -0.034267303 0.995164037
1403636600163555584.000000 0.060299553 0.313624144 0.254582107 0.019541766 -0.084985480 -0.021428265 0.995960057
1403636624363555584.000000 0.062442087 0.313674062 0.253248572 0.011042809 -0.080383509 -0.018817997 0.996525168
1403636624913555456.000000 0.120006874 0.322899938 0.215032175 -0.013873543 -0.061499000 -0.053044576 0.996600032
1403636625063555584.000000 0.141335621 0.307796270 0.188364223 -0.032212403 -0.057018198 -0.069601148 0.995423019
1403636628563555584.000000 0.320033789 -0.149802193 0.155208379 -0.004699332 -0.026910726 -0.014551518 0.999520898
1403636629363555584.000000 0.528961122 -0.228350595 0.228835031 -0.020262420 0.023699265 -0.011794249 0.999444187
1403636629763555584.000000 0.666070819 -0.216404766 0.321008503 -0.028914154 0.079917274 0.015984340 0.996253848
1403636630013555456.000000 0.776509404 -0.186763674 0.401268870 -0.036471300 0.129415944 0.028770722 0.990501702
1403636630213555456.000000 0.867556810 -0.202220276 0.478631496 -0.015674207 0.149274349 0.031780176 0.988160670
1403636630413555456.000000 0.953289390 -0.246158749 0.547425389 -0.007957060 0.156640321 0.031770561 0.987112522
1403636631163555584.000000 1.255868673 -0.403770328 0.808696508 -0.012940283 0.143387988 0.026228065 0.989234328
1403636632313555456.000000 1.626039624 -0.481460035 1.270409346 -0.008642448 0.142688543 0.010828668 0.989670694
1403636633313555456.000000 1.798683167 -0.536024570 1.727672815 -0.020227604 0.029466316 -0.021061312 0.999139130
1403636634313555456.000000 2.019887686 -0.679502368 2.336752415 -0.024843421 0.033574905 -0.002983008 0.999122918
1403636635263555584.000000 2.282138109 -0.904901445 2.957701445 -0.022399560 -0.003958294 -0.031922478 0.999231458
1403636635963555584.000000 2.439702034 -1.143658638 3.421854258 -0.019325806 -0.012175357 -0.001976316 0.999737144
1403636636663555584.000000 2.685520649 -1.509198189 3.879912615 0.013579754 0.002987351 -0.045684569 0.998859167
1403636638163555584.000000 2.790294170 -1.797888875 4.550615311 -0.005372840 -0.015824933 -0.032816749 0.999321699
1403636639263555584.000000 2.893260241 -1.952241898 5.153461456 -0.023906246 -0.030407680 0.001019441 0.999251127
1403636640163555584.000000 3.154027462 -2.007156849 5.790468693 -0.001306757 -0.031998597 -0.039258216 0.998715758
1403636641563555584.000000 3.416742325 -2.141829014 6.405172825 -0.006295305 -0.057229247 -0.040635508 0.997513890
1403636644313555456.000000 3.852824688 -2.438312292 7.040683746 -0.027630687 -0.006185721 -0.013759975 0.999504387
1403636645663555584.000000 4.348482132 -2.397138834 7.881114006 -0.038508888 0.007045231 -0.026308244 0.998887062
1403636646413555456.000000 4.643134117 -2.672067642 8.525219917 0.001732206 0.086204842 0.029044129 0.995852470
1403636647113555456.000000 4.991410255 -2.968579054 8.958564758 -0.002767533 0.159569889 0.031500474 0.986680031
1403636648313555456.000000 5.617365360 -3.119250536 9.352294922 0.007152493 0.243252546 0.065422133 0.967727780
1403636649913555456.000000 6.338764191 -3.362967968 9.338649750 0.014684057 0.365221888 0.093693547 0.926077127
1403636652263555584.000000 6.631781101 -3.112189293 8.622303009 0.013260446 0.582202315 0.175817221 0.793695748
1403636652713555456.000000 6.598565102 -2.937557459 8.391319275 -0.018151926 0.653090894 0.223935321 0.723184526
1403636654163555584.000000 6.772054195 -2.786558628 7.739498138 0.016286585 0.649796307 0.189304888 0.735977769
1403636655013555456.000000 6.666584969 -2.724170208 7.407910347 0.006813109 0.725237250 0.219671443 0.652479172
1403636655863555584.000000 6.410151005 -2.535144806 7.173127651 0.014567100 0.766101956 0.256274581 0.589236021
1403636656513555456.000000 6.156789303 -2.391467571 6.917748451 0.005253739 0.799594223 0.271495163 0.535641432
1403636657263555584.000000 5.900794506 -2.275475264 6.557044029 0.031922314 0.799405992 0.242521733 0.548738897
1403636658063555584.000000 5.471428394 -2.030026436 6.184970856 0.025677284 0.792348683 0.283307374 0.539686322
1403636658963555584.000000 5.091448307 -1.712357759 5.592455864 -0.007150035 0.810211062 0.246320978 0.531820476
1403636660063555584.000000 4.792596817 -1.294556379 5.261034012 -0.005673024 0.808552206 0.259049177 0.528303683
1403636661263555584.000000 4.870597363 -0.840525389 5.287946701 0.003603381 0.814992368 0.238426194 0.528135777
1403636663413555456.000000 4.827360630 -0.798207879 5.865278721 -0.017004333 0.803585291 0.281482697 0.524145961
1403636664813555456.000000 5.562899590 -0.667407274 6.250600815 0.004478949 0.799777031 0.236626878 0.551674247
1403636666963555584.000000 6.569823742 -1.248289108 7.359567165 0.005753648 0.779021204 0.282697171 0.559620619
1403636668763555584.000000 7.256348133 -1.271691918 7.935550213 -0.014409121 0.799707890 0.249518692 0.545893848
1403636669513555456.000000 7.625315189 -1.337079883 8.287586212 0.009413996 0.806212246 0.233423755 0.543549836
1403636671913555456.000000 6.278149605 -1.397611141 7.363614559 -0.055947166 0.574340165 0.209527299 0.789367855
1403636673313555456.000000 6.045761585 -1.236454964 6.479310513 -0.055412557 0.537785649 0.167843476 0.824344993
1403636675663555584.000000 6.887764931 -1.324247837 7.480944633 -0.020942437 0.469297588 0.103102982 0.876750231
1403636676413555456.000000 7.241422176 -1.332652330 8.060618401 -0.027087275 0.330710500 0.053536348 0.941823125
1403636677513555456.000000 7.516102314 -1.509087086 8.967094421 0.017816877 0.224140748 0.027046042 0.974018514
1403636678463555584.000000 7.558786392 -1.697824001 9.413475990 -0.009123751 0.033572316 -0.012882764 0.999311626
1403636679613555456.000000 7.489446163 -1.834383726 9.707135201 -0.000738735 -0.222601175 -0.096382007 0.970133305
1403636681513555456.000000 6.864413261 -1.890236616 9.122794151 -0.002079037 -0.229941785 -0.109708712 0.966998696
1403636683663555584.000000 5.713134766 -1.544361830 7.974335670 -0.005928474 -0.240472838 -0.108828373 0.964517534
1403636685363555584.000000 5.059958458 -1.188862562 6.905149460 -0.006829640 -0.243864387 -0.123709634 0.961862504
1403636686263555584.000000 4.764444351 -0.922167659 6.300437450 -0.015012611 -0.243242428 -0.107451014 0.963878691
1403636687013555456.000000 4.511960030 -0.779678702 5.864047527 -0.014106739 -0.246862024 -0.104289442 0.963319242
1403636687663555584.000000 4.336689949 -0.682531953 5.564779282 -0.005388955 -0.251366645 -0.101933211 0.962494373
1403636688263555584.000000 4.236814499 -0.425333828 5.348673820 -0.002894929 -0.249642447 -0.113359638 0.961675525
1403636688913555456.000000 4.120597839 -0.153789446 5.083771706 -0.008075981 -0.253895372 -0.127278015 0.958786845
1403636689463555584.000000 3.941506386 -0.063924536 4.819802284 -0.024123274 -0.285451502 -0.122879967 0.950176835
1403636690313555456.000000 3.660594702 -0.157400757 4.641591072 -0.040734429 -0.283031732 -0.116191611 0.951174676
1403636691213555456.000000 3.532336473 -0.275598556 4.945304394 0.020509968 -0.304673761 -0.054444149 0.950678229
1403636691513555456.000000 3.692508698 -0.352100015 5.052546024 0.009206000 -0.296122462 -0.099766053 0.949880779
1403636691913555456.000000 3.963826180 -0.504741549 5.126849651 -0.005528602 -0.294046849 -0.122406639 0.947904289
1403636692813555456.000000 4.555047989 -0.881413639 5.156317234 -0.009172714 -0.277262896 -0.146737605 0.949478388
1403636693613555456.000000 4.825084686 -1.111247659 5.099321365 -0.057098173 -0.285084784 -0.133866757 0.947389126
1403636694913555456.000000 4.856550217 -1.266058683 5.395176888 -0.015037613 -0.294402301 -0.111793339 0.949001312
1403636699263555584.000000 4.282278061 -1.034334421 5.229241848 -0.016098853 0.064682290 0.012813391 0.997693777
1403636700213555456.000000 4.163432121 -0.928076029 5.111672878 -0.005151905 0.229595691 0.075748332 0.970320284
1403636701013555456.000000 4.298256397 -0.636356771 5.047183037 -0.009042150 0.294254422 0.085777491 0.951827109
1403636702263555584.000000 4.649689674 -0.564185977 4.907613277 -0.004158578 0.359352678 0.108227484 0.926895440
1403636703113555456.000000 4.932067394 -0.262362838 4.997371674 -0.019520201 0.392438531 0.116986312 0.912099302
1403636704513555456.000000 5.494822502 -0.193467796 5.124356270 -0.023713529 0.379945666 0.110755034 0.918048084
1403636705413555456.000000 5.979414463 -0.199483991 5.417106628 -0.020564791 0.377635390 0.096099839 0.920724452
1403636705913555456.000000 6.279596329 -0.243157148 5.728134632 -0.012506140 0.375186324 0.106493227 0.920726895
1403636706163555584.000000 6.433277607 -0.293324590 5.886437416 0.008449269 0.366860211 0.121415183 0.922280073
1403636706613555456.000000 6.716805935 -0.310606420 6.144394875 -0.017821537 0.373318523 0.090581618 0.923098385
1403636707563555584.000000 7.203505039 -0.602662146 6.767157555 -0.023390995 0.390787542 0.100539781 0.914674640
1403636708613555456.000000 7.800170898 -0.837124228 7.628144264 0.013633666 0.371021181 0.122869745 0.920358837
1403636709863555584.000000 8.291540146 -0.992733240 8.386172295 -0.012483430 0.397517473 0.089889519 0.913095772
1403636711063555584.000000 8.278090477 -1.056710601 9.224124908 -0.001462129 0.289145768 0.056452375 0.955618024
1403636713413555456.000000 7.172340870 -1.522867203 9.378659248 0.010210233 0.208635673 0.040981714 0.977081060
1403636714863555584.000000 6.409678936 -1.504738212 8.650528908 -0.024629453 0.163790524 0.035233684 0.985558033
1403636718013555456.000000 5.879421711 -1.234214544 7.423608303 -0.004586606 -0.035960000 -0.067897581 0.997033477
1403636719963555584.000000 5.152686119 -0.742431760 6.573004246 -0.011163066 -0.155227736 -0.069915272 0.985338330
1403636723713555456.000000 4.987636566 -0.243285492 5.323140144 0.011481937 0.009894210 -0.025379084 0.999563038
1403636727563555584.000000 4.714653969 -0.464129746 4.220258236 0.000066985 0.097885408 -0.003413769 0.995191813
1403636729863555584.000000 4.139595985 -0.502350986 3.318350554 -0.005240063 0.029931512 -0.021059556 0.999316335
1403636732513555456.000000 3.726189852 -0.192795336 2.732024431 0.006228594 0.031921342 -0.035470814 0.998841345
1403636734513555456.000000 3.226093531 -0.136263743 1.813264132 -0.010045513 0.015976377 -0.020378081 0.999614239
1403636737563555584.000000 2.354491472 -0.117283128 1.034096241 -0.016233088 -0.046867959 -0.039857358 0.997973621
1403636741063555584.000000 2.585994244 0.163542390 1.054411054 -0.002409334 0.233050600 0.037629634 0.971733332
1403636743463555584.000000 2.846580744 0.753450036 1.309865594 -0.042627353 0.248547792 0.081155032 0.964272141
1403636744913555456.000000 3.272537470 1.317837954 1.939486384 0.008772190 0.291979700 0.080291308 0.953007996
1403636749613555456.000000 3.364448309 0.630988181 2.460672379 0.000169971 0.335934162 0.077567965 0.938686073
1403636752363555584.000000 3.056523561 -0.240189314 2.024646044 -0.000260606 0.264288574 0.066401593 0.962155044
1403636757163555584.000000 1.309192300 -0.265752196 0.888187051 0.000968042 -0.065369025 -0.050799485 0.996566772
1403636757813555456.000000 0.923078299 -0.157692954 0.547589898 -0.038272079 -0.085153088 -0.068869613 0.993247807
1403636761663555584.000000 -0.044122189 0.293089092 0.110080086 -0.008367393 -0.107587419 -0.060166564 0.992338121
1403636762363555584.000000 -0.117427893 0.256882101 0.107584961 -0.033252005 -0.095860422 -0.079542190 0.991654217
1403636762613555456.000000 -0.168508455 0.277799845 0.126011640 -0.027508156 -0.113142461 -0.025604609 0.992867827
1403636762763555584.000000 -0.185209170 0.313678980 0.156507999 -0.013102406 -0.113378093 -0.027210362 0.993092835
1403636762863555584.000000 -0.186650991 0.329483598 0.170250967 0.019915540 -0.114316024 -0.027364904 0.992867768
1403636762913555456.000000 -0.180867374 0.326385170 0.164860189 0.031523284 -0.110680446 -0.033486243 0.992791414
1403636762963555584.000000 -0.172360867 0.335639030 0.162122920 0.004031972 -0.101294518 -0.047915932 0.993693769
1403636763013555456.000000 -0.157193422 0.349859744 0.156297401 -0.004111093 -0.091670580 -0.039639644 0.994991601
1403636763113555456.000000 -0.141477406 0.356030971 0.148752868 0.003416586 -0.077896342 -0.017883398 0.996795237
1403636763813555456.000000 -0.139773577 0.354563236 0.152149349 0.004118755 -0.069606371 -0.008498659 0.997529864
